3433018
3381701
3405430
3392063
3541979
1788325
2217851
3433084
3422732
3409565
3545013
3455959
3247877
3433243
3433590
807845
3154032
3426911
2217554
3473404
3392345
3430296
3405930
2579762
3388363
2478443
3370857
3387540
3496968
3163289
3095101
3472806
3445694
3479867
3556667
3545629
2837419
2896649
3561140
3332115
3395686
3514676
3484073
2348690
3190060
2837445
3324074
2946133
2014573
3373078
3515784
3270287
3530919
3388401
2924678
3499179
3514878
3505297
3031550
3491487
3514533
3479631
1743571
2837471
3370794
2251159
3056623
3500666
3548664
2267260
998199
3496894
1722812
3373528
3402196
3159354
1942731
2538161
2750375
3486724
3371263
3549343
2610315
3371169
2845964
3543125
3548530
2905622
3498196
3419432
394439
3511615
3530752
3371228
3475068
3252652
3405844
2217411
3512560
2908455
3536710
3555508
3321083
3384482
3547949
3507562
3373593
3421110
3491549
2212161
3436861
3382516
3331894
3557946
2843863
3514761
3387418
2563904
2859336
3558136
3373826
2563660
3506667
3426635
3516089
3538954
2129897
3373238
3404802
3430442
3373074
3579693
2859385
3371196
2858920
2848889
3387310
3175751
3401373
2858674
3474212
3497025
3576508
3384483
2152433
3550447
2843902
2837919
1165258
3511286
2897028
3576578
2858818
3553227
3560628
3373886
3628826
3550205
3549594
3387265
3404108
3557900
3373052
3561096
3393780
3585871
2859289
3560184
3586861
3443924
2989740
2563592
2705549
2860869
3585391
2926183
3175718
3576805
3154351
3576929
2366270
3562375
3587345
3542996
3576690
3629341
3579826
3373091
2926272
3556057
3587135
3587229
3577662
1722266
2677525
3560435
3623141
3558171
2511866
3578465
3577499
3555351
2187972
3560381
3555495
3560176
3558109
2351339
3597890
3609724
3610141
3608937
3558148
3013533
2728975
3610485
3561382
3609218
3609316
3612428
3539243
3598075
3430014
3593191
3611239
3597987
3598139
3561300
3595464
2926300
3634646
3595009
3560363
3561133
3595398
2926113
3557964
3634341
3560599
3556737
3561183
3591682
3591769
3592547
3634340
3557938
3327134
3592118
3574399
3649668
3560519
3553096
3592270
3554964
3327078
3592197
3591530
3594863
3592631
3557999
3561347
3561267
3555639
3561205
3597703
3592381
3597739
3597660
