3433018
3381701
3541979
3392063
3545013
3405430
3433084
1788325
2217851
3422732
3409565
807845
3433243
2579762
3455959
3247877
3433590
2478443
3473404
3561140
3496968
3556667
3154032
3545629
2217554
3426911
3163289
3430296
3095101
2896649
3405930
3472806
3370857
3479867
3514676
3387540
3484073
3395686
2837419
3445694
3515784
2348690
3324074
2014573
3530919
3399587
3496894
3505297
3332115
2946133
1743571
3270287
3514533
3373078
3548664
3190060
3514878
3491487
3031550
3549343
2837445
3499179
3543125
3500666
3159354
3388401
2905622
3479631
2267260
3548530
3498196
2251159
3252652
3628826
2538161
998199
2750375
3402196
3419432
3373528
3547949
1942731
3530752
2837471
3404802
3486724
3512560
3511615
3555508
2924678
3371263
2908455
3371169
3558136
3536710
3371228
3557946
1722812
2610315
3436861
3384482
3405844
3491549
3514761
3430442
3579693
3321083
2845964
3373593
3426635
2563904
3576508
3561096
3421110
2843863
3373238
2217411
3404485
3382516
3550205
2897028
2212161
3373074
3373826
3331894
3175751
3585871
3387418
2563660
3623141
2859336
3538954
3560628
3550447
3497025
3371196
3576578
3549594
3562375
3516152
2129897
2859385
3401373
3387310
2705549
2837919
3384483
3373091
3553227
2152433
2843902
3430014
2860869
2858920
3557900
3560184
3586861
3154351
2848889
2858818
3629341
3373886
2858674
3387265
2366270
3578465
3404108
3013533
3609724
3561133
3576929
3373052
3576690
3556057
2351339
3047508
2926183
3576805
3579826
3587345
3381928
2926113
2511866
2926300
2859289
3608937
3443924
3577662
2989740
2926272
3612428
1165258
3587135
3634341
3175718
3577499
3587229
3610485
3597890
3542996
3609218
3557964
3557938
3558109
3609316
3634646
3500644
1722266
3430580
3634340
3560435
3650279
3558171
3593191
3644096
3595464
3555351
2187972
3598075
3660746
3560381
3597987
3598139
3555495
3560176
3649434
3595009
3610141
3592270
3154329
3660847
3558148
3650836
3595398
3592547
3592631
3382470
3592381
3561382
3597660
3574399
3649668
3591530
3539243
3592118
3557678
3591682
3592197
3611239
2884164
2567038
3327134
3561300
3327078
3382437
3594863
3560599
3556737
3561183
3659939
3591769
3651005
3560519
3553096
3651038
3651152
3554964
3557999
3561267
3555639
3561347
3561205
3597739
3597703
3635241
